Polynomial Regression (degree 2)
n = 6
a0 = 0.917857
a1 = 0.078929
a2 = 0.991071
For x = 6.000000, y = 37.070000
